# Camera intrinsic parameters for MV-CS020-10UC camera
cam_model: Pinhole
cam_width: 1624
cam_height: 1240
scale: 1.0
cam_fx: 1386.434564
cam_fy: 1386.435664
cam_cx: 834.351393
cam_cy: 652.174247
cam_d0: -0.067834
cam_d1: 0.099654
cam_d2: -0.001679
cam_d3: 0.000036